Overall: 5.936168015194159E48 (Bach)
Pitch: 9.808472053104146E-6 (Chopin)
Rhythm: 6.052082305026785E53 (Bach)
