Overall: 9.987637870370763E137 (Bach)
Pitch: 7.841509116448597E72 (Bach)
Rhtyhm: 1.2736882304224294E65 (Bach)
