Overall: 7.511461752023846E101 (Bach)
Pitch: 6.491131099340912E45 (Bach)
Rhythm: 1.1571884217199887E56 (Bach)
