Overall: 1.029165712136608E-64 (Chopin)
Pitch: 2.0387060891214168E-148 (Chopin)
Rhythm: 5.048131840230724E83 (Bach)
