Overall: 1.9881410855434066E102 (Bach)
Pitch: 7.083513613962275E27 (Bach)
Rhythm: 2.806715980081705E74 (Bach)
