Overall: 3.365209164856749E-32 (Chopin)
Pitch: 2.1783808424047566E-247 (Chopin)
Rhythm: 1.5448213183613155E215 (Bach)
