Overall: 1.8267854850255687E-179 (Chopin)
Pitch: 1.1067839566630869E136 (Bach)
Rhythm: 1.650534846E-315 (Chopin)
