Overall: 1.3238976159683253E102 (Bach)
Pitch: 1.6085135521230159E-111 (Chopin)
Rhythm: 8.230565507023321E212 (Bach)
