Overall: 1.5301778815714033E61 (Bach)
Pitch: 335642.9760886265 (Bach)
Rhythm: 4.55894504155322E55 (Bach)
